18 17 16 18 18 11 20 14 13 18 10 12 17 18 18 13 12 18 15 11
14 10 12 18 11 16 19 14 12 16 12 10 19 10 19 19 20 20 15 12
13 16 16 12 15 19 10 20 11 17 18 17 19 19 17 14 19 14 16 19
20 13 18 13 12 11 15 14 18 19 17 16 20 13 10 12 17 13 10 18
11 13 10 18 18 14 13 15 13 17 14 19 17 10 20 18 15 17 15 11
10 18 16 12 14 13 19 17 19 18 14 14 18 18 18 18 15 17 18 15
16 14 18 16 12 13 12 18 16 13 13 15 17 14 11 16 18 16 14 12
17 10 18 20 19 14 16 17 12 19 13 20 16 13 13 14 15 16 17 18
13 19 12 10 19 14 16 14 11 10 10 13 13 17 18 14 12 16 19 17
12 16 14 18 15 12 16 16 17 14 19 19 17 13 15 13 15 13 16 20
14 11 17 12 11 16 11 13 15 14 13 14 19 15 13 19 10 11 13 20
20 15 15 15 10 12 20 13 15 13 10 19 14 16 15 12 11 13 13 16
12 20 16 11 17 17 12 16 19 15 17 19 13 18 10 15 17 18 14 17
16 15 14 20 19 18 12 13 12 15 12 10 11 11 11 16 18 12 15 10
20 12 12 11 16 15 17 10 17 19 11 11 15 14 17 14 15 16 20 16
20 10 16 19 16 19 11 16 11 14 17 17 12 18 16 16 15 13 13 16
11 16 18 16 20 13 18 13 14 14 19 14 17 14 16 16 14 10 19 18
20 17 17 18 16 19 14 11 15 18 13 13 11 15 14 18 19 17 16 15